101 51 1 4 5000
108 53 3 8 10000
112 54 5 12 15000
115 56 8 16 20000
117 56 10 21 25000
118 56 12 25 30000
120 59 14 29 35000
122 60 16 33 40000
125 60 19 38 45000
124 58 20 42 50000
125 59 22 46 55000
128 60 25 51 60000
128 64 27 55 65000
128 62 29 59 70000
131 64 32 64 75000
131 65 33 68 80000
131 62 36 71 85000
132 63 38 76 90000
132 62 40 80 95000
133 62 42 85 100000
133 64 44 89 105000
135 64 46 93 110000
134 65 48 97 115000
135 69 50 101 120000
136 68 52 106 125000
137 68 54 110 130000
138 73 57 114 135000
139 70 59 119 140000
139 70 61 123 145000
140 71 63 127 150000
140 75 65 131 155000
141 73 67 136 160000
142 78 69 140 165000
142 79 71 144 170000
143 81 73 148 175000
144 83 76 153 180000
145 83 78 157 185000
144 82 80 161 190000
145 85 82 165 195000
146 82 84 170 200000
